{
	"boundingBox":	{
		"left":	0.439453125,
		"top":	0.33680558204650879,
		"right":	0.7734375,
		"bottom":	1,
		"width":	512,
		"height":	288
	}
}