{
	"boundingBox":	{
		"left":	0.447265625,
		"top":	0.30555558204650879,
		"right":	0.748046875,
		"bottom":	1,
		"width":	512,
		"height":	288
	}
}