{
	"boundingBox":	{
		"left":	0.44921875,
		"top":	0.30208337306976318,
		"right":	0.75,
		"bottom":	1,
		"width":	512,
		"height":	288
	}
}