{
	"boundingBox":	{
		"left":	0.443359375,
		"top":	0.2951388955116272,
		"right":	0.744140625,
		"bottom":	1,
		"width":	512,
		"height":	288
	}
}