{
	"boundingBox":	{
		"left":	0.44140625,
		"top":	0.28819441795349121,
		"right":	0.740234375,
		"bottom":	1,
		"width":	512,
		"height":	288
	}
}