{
	"boundingBox":	{
		"left":	0.43359375,
		"top":	0.3263888955116272,
		"right":	0.763671875,
		"bottom":	1,
		"width":	512,
		"height":	288
	}
}