{
	"boundingBox":	{
		"left":	0.439453125,
		"top":	0.28472220897674561,
		"right":	0.736328125,
		"bottom":	1,
		"width":	512,
		"height":	288
	}
}