{
	"boundingBox":	{
		"left":	0.439453125,
		"top":	0.28125,
		"right":	0.732421875,
		"bottom":	1,
		"width":	512,
		"height":	288
	}
}