{
	"boundingBox":	{
		"left":	0.439453125,
		"top":	0.27777779102325439,
		"right":	0.728515625,
		"bottom":	1,
		"width":	512,
		"height":	288
	}
}