{
	"boundingBox":	{
		"left":	0.439453125,
		"top":	0.27083337306976318,
		"right":	0.720703125,
		"bottom":	1,
		"width":	512,
		"height":	288
	}
}