{
	"boundingBox":	{
		"left":	0.4140625,
		"top":	0.2638888955116272,
		"right":	0.72265625,
		"bottom":	1,
		"width":	512,
		"height":	288
	}
}