{
	"boundingBox":	{
		"left":	0.416015625,
		"top":	0.25694441795349121,
		"right":	0.724609375,
		"bottom":	1,
		"width":	512,
		"height":	288
	}
}