{
	"boundingBox":	{
		"left":	0.416015625,
		"top":	0.26041662693023682,
		"right":	0.73046875,
		"bottom":	1,
		"width":	512,
		"height":	288
	}
}