{
	"boundingBox":	{
		"left":	0.421875,
		"top":	0.26041662693023682,
		"right":	0.732421875,
		"bottom":	1,
		"width":	512,
		"height":	288
	}
}