{
	"boundingBox":	{
		"left":	0.431640625,
		"top":	0.2673611044883728,
		"right":	0.759765625,
		"bottom":	1,
		"width":	512,
		"height":	288
	}
}