{
	"boundingBox":	{
		"left":	0.443359375,
		"top":	0.27083337306976318,
		"right":	0.76171875,
		"bottom":	1,
		"width":	512,
		"height":	288
	}
}