{
	"boundingBox":	{
		"left":	0.43359375,
		"top":	0.32291662693023682,
		"right":	0.755859375,
		"bottom":	1,
		"width":	512,
		"height":	288
	}
}