{
	"boundingBox":	{
		"left":	0.439453125,
		"top":	0.2673611044883728,
		"right":	0.7421875,
		"bottom":	1,
		"width":	512,
		"height":	288
	}
}