{
	"boundingBox":	{
		"left":	0.4375,
		"top":	0.26041662693023682,
		"right":	0.736328125,
		"bottom":	1,
		"width":	512,
		"height":	288
	}
}