{
	"boundingBox":	{
		"left":	0.4375,
		"top":	0.25347220897674561,
		"right":	0.73828125,
		"bottom":	1,
		"width":	512,
		"height":	288
	}
}