{
	"boundingBox":	{
		"left":	0.435546875,
		"top":	0.25,
		"right":	0.7265625,
		"bottom":	1,
		"width":	512,
		"height":	288
	}
}