{
	"boundingBox":	{
		"left":	0.435546875,
		"top":	0.24305558204650879,
		"right":	0.73828125,
		"bottom":	1,
		"width":	512,
		"height":	288
	}
}