{
	"boundingBox":	{
		"left":	0.435546875,
		"top":	0.23958331346511841,
		"right":	0.740234375,
		"bottom":	1,
		"width":	512,
		"height":	288
	}
}