{
	"boundingBox":	{
		"left":	0.435546875,
		"top":	0.2326388955116272,
		"right":	0.744140625,
		"bottom":	1,
		"width":	512,
		"height":	288
	}
}