{
	"boundingBox":	{
		"left":	0.431640625,
		"top":	0.31944441795349121,
		"right":	0.751953125,
		"bottom":	1,
		"width":	512,
		"height":	288
	}
}