{
	"boundingBox":	{
		"left":	0.4375,
		"top":	0.22916668653488159,
		"right":	0.728515625,
		"bottom":	1,
		"width":	512,
		"height":	288
	}
}