{
	"boundingBox":	{
		"left":	0.435546875,
		"top":	0.22569441795349121,
		"right":	0.712890625,
		"bottom":	1,
		"width":	512,
		"height":	288
	}
}