{
	"boundingBox":	{
		"left":	0.43359375,
		"top":	0.22569441795349121,
		"right":	0.72265625,
		"bottom":	1,
		"width":	512,
		"height":	288
	}
}