{
	"boundingBox":	{
		"left":	0.408203125,
		"top":	0.22222220897674561,
		"right":	0.701171875,
		"bottom":	1,
		"width":	512,
		"height":	288
	}
}