{
	"boundingBox":	{
		"left":	0.412109375,
		"top":	0.22222220897674561,
		"right":	0.71875,
		"bottom":	1,
		"width":	512,
		"height":	288
	}
}