{
	"boundingBox":	{
		"left":	0.439453125,
		"top":	0.22222220897674561,
		"right":	0.740234375,
		"bottom":	1,
		"width":	512,
		"height":	288
	}
}