{
	"boundingBox":	{
		"left":	0.439453125,
		"top":	0.22569441795349121,
		"right":	0.748046875,
		"bottom":	1,
		"width":	512,
		"height":	288
	}
}