{
	"boundingBox":	{
		"left":	0.431640625,
		"top":	0.31597220897674561,
		"right":	0.7578125,
		"bottom":	1,
		"width":	512,
		"height":	288
	}
}