{
	"boundingBox":	{
		"left":	0.443359375,
		"top":	0.22569441795349121,
		"right":	0.759765625,
		"bottom":	1,
		"width":	512,
		"height":	288
	}
}