{
	"boundingBox":	{
		"left":	0.435546875,
		"top":	0.22916668653488159,
		"right":	0.779296875,
		"bottom":	1,
		"width":	512,
		"height":	288
	}
}