{
	"boundingBox":	{
		"left":	0.431640625,
		"top":	0.22222220897674561,
		"right":	0.76171875,
		"bottom":	1,
		"width":	512,
		"height":	288
	}
}