{
	"boundingBox":	{
		"left":	0.435546875,
		"top":	0.21875,
		"right":	0.775390625,
		"bottom":	1,
		"width":	512,
		"height":	288
	}
}