{
	"boundingBox":	{
		"left":	0.408203125,
		"top":	0.21527779102325439,
		"right":	0.775390625,
		"bottom":	1,
		"width":	512,
		"height":	288
	}
}