{
	"boundingBox":	{
		"left":	0.431640625,
		"top":	0.3125,
		"right":	0.771484375,
		"bottom":	1,
		"width":	512,
		"height":	288
	}
}