{
	"boundingBox":	{
		"left":	0.408203125,
		"top":	0.21180558204650879,
		"right":	0.771484375,
		"bottom":	1,
		"width":	512,
		"height":	288
	}
}