{
	"boundingBox":	{
		"left":	0.41015625,
		"top":	0.21180558204650879,
		"right":	0.767578125,
		"bottom":	1,
		"width":	512,
		"height":	288
	}
}