{
	"boundingBox":	{
		"left":	0.412109375,
		"top":	0.2048611044883728,
		"right":	0.76953125,
		"bottom":	1,
		"width":	512,
		"height":	288
	}
}