{
	"boundingBox":	{
		"left":	0.435546875,
		"top":	0.19791668653488159,
		"right":	0.771484375,
		"bottom":	1,
		"width":	512,
		"height":	288
	}
}