{
	"boundingBox":	{
		"left":	0.4375,
		"top":	0.19097220897674561,
		"right":	0.771484375,
		"bottom":	1,
		"width":	512,
		"height":	288
	}
}