{
	"boundingBox":	{
		"left":	0.439453125,
		"top":	0.1875,
		"right":	0.771484375,
		"bottom":	1,
		"width":	512,
		"height":	288
	}
}