{
	"boundingBox":	{
		"left":	0.443359375,
		"top":	0.18402779102325439,
		"right":	0.771484375,
		"bottom":	1,
		"width":	512,
		"height":	288
	}
}