{
	"boundingBox":	{
		"left":	0.458984375,
		"top":	0.30902779102325439,
		"right":	0.78515625,
		"bottom":	1,
		"width":	512,
		"height":	288
	}
}