{
	"boundingBox":	{
		"left":	0.447265625,
		"top":	0.17708331346511841,
		"right":	0.71484375,
		"bottom":	1,
		"width":	512,
		"height":	288
	}
}