{
	"boundingBox":	{
		"left":	0.451171875,
		"top":	0.18402779102325439,
		"right":	0.724609375,
		"bottom":	1,
		"width":	512,
		"height":	288
	}
}