{
	"boundingBox":	{
		"left":	0.455078125,
		"top":	0.19097220897674561,
		"right":	0.703125,
		"bottom":	1,
		"width":	512,
		"height":	288
	}
}