{
	"boundingBox":	{
		"left":	0.447265625,
		"top":	0.30902779102325439,
		"right":	0.80078125,
		"bottom":	1,
		"width":	512,
		"height":	288
	}
}