{
	"boundingBox":	{
		"left":	0.462890625,
		"top":	0.33680558204650879,
		"right":	0.771484375,
		"bottom":	1,
		"width":	512,
		"height":	288
	}
}