{
	"boundingBox":	{
		"left":	0.455078125,
		"top":	0.19791668653488159,
		"right":	0.6875,
		"bottom":	1,
		"width":	512,
		"height":	288
	}
}