{
	"boundingBox":	{
		"left":	0.455078125,
		"top":	0.18055558204650879,
		"right":	0.736328125,
		"bottom":	1,
		"width":	512,
		"height":	288
	}
}