{
	"boundingBox":	{
		"left":	0.455078125,
		"top":	0.16666668653488159,
		"right":	0.775390625,
		"bottom":	1,
		"width":	512,
		"height":	288
	}
}