{
	"boundingBox":	{
		"left":	0.455078125,
		"top":	0.1701388955116272,
		"right":	0.689453125,
		"bottom":	1,
		"width":	512,
		"height":	288
	}
}