{
	"boundingBox":	{
		"left":	0.43359375,
		"top":	0.1701388955116272,
		"right":	0.845703125,
		"bottom":	1,
		"width":	512,
		"height":	288
	}
}