{
	"boundingBox":	{
		"left":	0.43359375,
		"top":	0.18402779102325439,
		"right":	0.8515625,
		"bottom":	1,
		"width":	512,
		"height":	288
	}
}