{
	"boundingBox":	{
		"left":	0.455078125,
		"top":	0.19444441795349121,
		"right":	0.685546875,
		"bottom":	1,
		"width":	512,
		"height":	288
	}
}