{
	"boundingBox":	{
		"left":	0.447265625,
		"top":	0.2048611044883728,
		"right":	0.833984375,
		"bottom":	1,
		"width":	512,
		"height":	288
	}
}