{
	"boundingBox":	{
		"left":	0.4453125,
		"top":	0.2013888955116272,
		"right":	0.830078125,
		"bottom":	1,
		"width":	512,
		"height":	288
	}
}