{
	"boundingBox":	{
		"left":	0.4453125,
		"top":	0.19791668653488159,
		"right":	0.806640625,
		"bottom":	1,
		"width":	512,
		"height":	288
	}
}