{
	"boundingBox":	{
		"left":	0.443359375,
		"top":	0.19444441795349121,
		"right":	0.787109375,
		"bottom":	1,
		"width":	512,
		"height":	288
	}
}