{
	"boundingBox":	{
		"left":	0.451171875,
		"top":	0.30208337306976318,
		"right":	0.669921875,
		"bottom":	1,
		"width":	512,
		"height":	288
	}
}