{
	"boundingBox":	{
		"left":	0.443359375,
		"top":	0.1875,
		"right":	0.73046875,
		"bottom":	1,
		"width":	512,
		"height":	288
	}
}