{
	"boundingBox":	{
		"left":	0.443359375,
		"top":	0.18055558204650879,
		"right":	0.71484375,
		"bottom":	1,
		"width":	512,
		"height":	288
	}
}