{
	"boundingBox":	{
		"left":	0.421875,
		"top":	0.18055558204650879,
		"right":	0.677734375,
		"bottom":	1,
		"width":	512,
		"height":	288
	}
}