{
	"boundingBox":	{
		"left":	0.453125,
		"top":	0.2986111044883728,
		"right":	0.666015625,
		"bottom":	1,
		"width":	512,
		"height":	288
	}
}