{
	"boundingBox":	{
		"left":	0.423828125,
		"top":	0.1875,
		"right":	0.666015625,
		"bottom":	1,
		"width":	512,
		"height":	288
	}
}