{
	"boundingBox":	{
		"left":	0.44140625,
		"top":	0.2048611044883728,
		"right":	0.669921875,
		"bottom":	1,
		"width":	512,
		"height":	288
	}
}