{
	"boundingBox":	{
		"left":	0.4375,
		"top":	0.20833331346511841,
		"right":	0.673828125,
		"bottom":	1,
		"width":	512,
		"height":	288
	}
}