{
	"boundingBox":	{
		"left":	0.443359375,
		"top":	0.2048611044883728,
		"right":	0.685546875,
		"bottom":	1,
		"width":	512,
		"height":	288
	}
}