{
	"boundingBox":	{
		"left":	0.44140625,
		"top":	0.19444441795349121,
		"right":	0.697265625,
		"bottom":	1,
		"width":	512,
		"height":	288
	}
}