{
	"boundingBox":	{
		"left":	0.439453125,
		"top":	0.19097220897674561,
		"right":	0.7109375,
		"bottom":	1,
		"width":	512,
		"height":	288
	}
}