{
	"boundingBox":	{
		"left":	0.4609375,
		"top":	0.2986111044883728,
		"right":	0.802734375,
		"bottom":	1,
		"width":	512,
		"height":	288
	}
}