{
	"boundingBox":	{
		"left":	0.4296875,
		"top":	0.18402779102325439,
		"right":	0.71484375,
		"bottom":	1,
		"width":	512,
		"height":	288
	}
}