{
	"boundingBox":	{
		"left":	0.43359375,
		"top":	0.18055558204650879,
		"right":	0.775390625,
		"bottom":	1,
		"width":	512,
		"height":	288
	}
}