{
	"boundingBox":	{
		"left":	0.44140625,
		"top":	0.17708331346511841,
		"right":	0.8046875,
		"bottom":	1,
		"width":	512,
		"height":	288
	}
}