{
	"boundingBox":	{
		"left":	0.443359375,
		"top":	0.17708331346511841,
		"right":	0.826171875,
		"bottom":	1,
		"width":	512,
		"height":	288
	}
}