{
	"boundingBox":	{
		"left":	0.462890625,
		"top":	0.2951388955116272,
		"right":	0.791015625,
		"bottom":	1,
		"width":	512,
		"height":	288
	}
}