{
	"boundingBox":	{
		"left":	0.4375,
		"top":	0.1736111044883728,
		"right":	0.81640625,
		"bottom":	1,
		"width":	512,
		"height":	288
	}
}