{
	"boundingBox":	{
		"left":	0.4453125,
		"top":	0.18055558204650879,
		"right":	0.810546875,
		"bottom":	1,
		"width":	512,
		"height":	288
	}
}