{
	"boundingBox":	{
		"left":	0.447265625,
		"top":	0.18402779102325439,
		"right":	0.806640625,
		"bottom":	1,
		"width":	512,
		"height":	288
	}
}