{
	"boundingBox":	{
		"left":	0.447265625,
		"top":	0.19097220897674561,
		"right":	0.765625,
		"bottom":	1,
		"width":	512,
		"height":	288
	}
}