{
	"boundingBox":	{
		"left":	0.4609375,
		"top":	0.2951388955116272,
		"right":	0.783203125,
		"bottom":	1,
		"width":	512,
		"height":	288
	}
}