{
	"boundingBox":	{
		"left":	0.42578125,
		"top":	0.1875,
		"right":	0.755859375,
		"bottom":	1,
		"width":	512,
		"height":	288
	}
}