{
	"boundingBox":	{
		"left":	0.431640625,
		"top":	0.18055558204650879,
		"right":	0.740234375,
		"bottom":	1,
		"width":	512,
		"height":	288
	}
}