{
	"boundingBox":	{
		"left":	0.43359375,
		"top":	0.17708331346511841,
		"right":	0.736328125,
		"bottom":	1,
		"width":	512,
		"height":	288
	}
}