{
	"boundingBox":	{
		"left":	0.435546875,
		"top":	0.1736111044883728,
		"right":	0.732421875,
		"bottom":	1,
		"width":	512,
		"height":	288
	}
}