{
	"boundingBox":	{
		"left":	0.455078125,
		"top":	0.2951388955116272,
		"right":	0.796875,
		"bottom":	1,
		"width":	512,
		"height":	288
	}
}