{
	"boundingBox":	{
		"left":	0.419921875,
		"top":	0.1701388955116272,
		"right":	0.724609375,
		"bottom":	1,
		"width":	512,
		"height":	288
	}
}