{
	"boundingBox":	{
		"left":	0.419921875,
		"top":	0.1736111044883728,
		"right":	0.716796875,
		"bottom":	1,
		"width":	512,
		"height":	288
	}
}