{
	"boundingBox":	{
		"left":	0.419921875,
		"top":	0.19444441795349121,
		"right":	0.708984375,
		"bottom":	1,
		"width":	512,
		"height":	288
	}
}