{
	"boundingBox":	{
		"left":	0.41796875,
		"top":	0.2013888955116272,
		"right":	0.708984375,
		"bottom":	1,
		"width":	512,
		"height":	288
	}
}