{
	"boundingBox":	{
		"left":	0.416015625,
		"top":	0.2048611044883728,
		"right":	0.716796875,
		"bottom":	1,
		"width":	512,
		"height":	288
	}
}