{
	"boundingBox":	{
		"left":	0.435546875,
		"top":	0.33333337306976318,
		"right":	0.755859375,
		"bottom":	1,
		"width":	512,
		"height":	288
	}
}