{
	"boundingBox":	{
		"left":	0.435546875,
		"top":	0.2986111044883728,
		"right":	0.779296875,
		"bottom":	1,
		"width":	512,
		"height":	288
	}
}