{
	"boundingBox":	{
		"left":	0.421875,
		"top":	0.1875,
		"right":	0.73828125,
		"bottom":	1,
		"width":	512,
		"height":	288
	}
}