{
	"boundingBox":	{
		"left":	0.42578125,
		"top":	0.18402779102325439,
		"right":	0.744140625,
		"bottom":	1,
		"width":	512,
		"height":	288
	}
}