{
	"boundingBox":	{
		"left":	0.44921875,
		"top":	0.2013888955116272,
		"right":	0.765625,
		"bottom":	1,
		"width":	512,
		"height":	288
	}
}