{
	"boundingBox":	{
		"left":	0.4453125,
		"top":	0.21875,
		"right":	0.76953125,
		"bottom":	1,
		"width":	512,
		"height":	288
	}
}