{
	"boundingBox":	{
		"left":	0.42578125,
		"top":	0.21875,
		"right":	0.71484375,
		"bottom":	1,
		"width":	512,
		"height":	288
	}
}