{
	"boundingBox":	{
		"left":	0.421875,
		"top":	0.21180558204650879,
		"right":	0.7734375,
		"bottom":	1,
		"width":	512,
		"height":	288
	}
}