{
	"boundingBox":	{
		"left":	0.423828125,
		"top":	0.2048611044883728,
		"right":	0.775390625,
		"bottom":	1,
		"width":	512,
		"height":	288
	}
}