{
	"boundingBox":	{
		"left":	0.4453125,
		"top":	0.30208337306976318,
		"right":	0.77734375,
		"bottom":	1,
		"width":	512,
		"height":	288
	}
}