{
	"boundingBox":	{
		"left":	0.439453125,
		"top":	0.19791668653488159,
		"right":	0.779296875,
		"bottom":	1,
		"width":	512,
		"height":	288
	}
}