{
	"boundingBox":	{
		"left":	0.42578125,
		"top":	0.19097220897674561,
		"right":	0.779296875,
		"bottom":	1,
		"width":	512,
		"height":	288
	}
}