{
	"boundingBox":	{
		"left":	0.4296875,
		"top":	0.1875,
		"right":	0.7421875,
		"bottom":	1,
		"width":	512,
		"height":	288
	}
}