{
	"boundingBox":	{
		"left":	0.431640625,
		"top":	0.18402779102325439,
		"right":	0.833984375,
		"bottom":	1,
		"width":	512,
		"height":	288
	}
}