{
	"boundingBox":	{
		"left":	0.427734375,
		"top":	0.1875,
		"right":	0.83984375,
		"bottom":	1,
		"width":	512,
		"height":	288
	}
}