{
	"boundingBox":	{
		"left":	0.423828125,
		"top":	0.19097220897674561,
		"right":	0.818359375,
		"bottom":	1,
		"width":	512,
		"height":	288
	}
}