{
	"boundingBox":	{
		"left":	0.3359375,
		"top":	0.24652779102325439,
		"right":	0.57421875,
		"bottom":	1,
		"width":	512,
		"height":	288
	}
}