{
	"boundingBox":	{
		"left":	0.3515625,
		"top":	0.25,
		"right":	0.59765625,
		"bottom":	1,
		"width":	512,
		"height":	288
	}
}