{
	"boundingBox":	{
		"left":	0.712890625,
		"top":	0,
		"right":	0.970703125,
		"bottom":	1,
		"width":	512,
		"height":	288
	}
}