{
	"boundingBox":	{
		"left":	0.71875,
		"top":	0,
		"right":	0.978515625,
		"bottom":	1,
		"width":	512,
		"height":	288
	}
}