{
	"boundingBox":	{
		"left":	0.728515625,
		"top":	0.0902777910232544,
		"right":	0.982421875,
		"bottom":	1,
		"width":	512,
		"height":	288
	}
}