{
	"boundingBox":	{
		"left":	0.640625,
		"top":	0.46527779102325439,
		"right":	0.703125,
		"bottom":	0.5763888955116272,
		"width":	512,
		"height":	288
	}
}