{
	"boundingBox":	{
		"left":	0.748046875,
		"top":	0.19444441795349121,
		"right":	0.978515625,
		"bottom":	1,
		"width":	512,
		"height":	288
	}
}