{
	"boundingBox":	{
		"left":	0.76953125,
		"top":	0.25694441795349121,
		"right":	0.978515625,
		"bottom":	1,
		"width":	512,
		"height":	288
	}
}