{
	"boundingBox":	{
		"left":	0.822265625,
		"top":	0.60069441795349121,
		"right":	0.888671875,
		"bottom":	0.8263888955116272,
		"width":	512,
		"height":	288
	}
}