{
	"boundingBox":	{
		"left":	0.8203125,
		"top":	0.57291668653488159,
		"right":	0.888671875,
		"bottom":	0.83333331346511841,
		"width":	512,
		"height":	288
	}
}