{
	"boundingBox":	{
		"left":	0.81640625,
		"top":	0.56597220897674561,
		"right":	0.888671875,
		"bottom":	0.83333331346511841,
		"width":	512,
		"height":	288
	}
}