{
	"boundingBox":	{
		"left":	0.82421875,
		"top":	0.62847220897674561,
		"right":	0.888671875,
		"bottom":	0.8298611044883728,
		"width":	512,
		"height":	288
	}
}