{
	"boundingBox":	{
		"left":	0.794921875,
		"top":	0.25,
		"right":	0.984375,
		"bottom":	1,
		"width":	512,
		"height":	288
	}
}