{
	"boundingBox":	{
		"left":	0.82421875,
		"top":	0.62152779102325439,
		"right":	0.888671875,
		"bottom":	0.83333331346511841,
		"width":	512,
		"height":	288
	}
}