{
	"boundingBox":	{
		"left":	0.82421875,
		"top":	0.24652779102325439,
		"right":	0.982421875,
		"bottom":	1,
		"width":	512,
		"height":	288
	}
}