{
	"boundingBox":	{
		"left":	0.85546875,
		"top":	0.24652779102325439,
		"right":	0.99609375,
		"bottom":	1,
		"width":	512,
		"height":	288
	}
}