{
	"boundingBox":	{
		"left":	0.814453125,
		"top":	0.5138888955116272,
		"right":	0.89453125,
		"bottom":	0.84027779102325439,
		"width":	512,
		"height":	288
	}
}