{
	"boundingBox":	{
		"left":	0.814453125,
		"top":	0.4791666567325592,
		"right":	0.896484375,
		"bottom":	0.84027779102325439,
		"width":	512,
		"height":	288
	}
}