{
	"boundingBox":	{
		"left":	0.826171875,
		"top":	0.6701388955116272,
		"right":	0.88671875,
		"bottom":	0.82291668653488159,
		"width":	512,
		"height":	288
	}
}