{
	"boundingBox":	{
		"left":	0.900390625,
		"top":	0.22916668653488159,
		"right":	1,
		"bottom":	1,
		"width":	512,
		"height":	288
	}
}