{
	"boundingBox":	{
		"left":	0.904296875,
		"top":	0.31944441795349121,
		"right":	1,
		"bottom":	1,
		"width":	512,
		"height":	288
	}
}