{
	"boundingBox":	{
		"left":	0.908203125,
		"top":	0.36805558204650879,
		"right":	1,
		"bottom":	1,
		"width":	512,
		"height":	288
	}
}