{
	"boundingBox":	{
		"left":	0.91796875,
		"top":	0.78472220897674561,
		"right":	1,
		"bottom":	1,
		"width":	512,
		"height":	288
	}
}