{
	"boundingBox":	{
		"left":	0.384765625,
		"top":	0.2361111044883728,
		"right":	0.599609375,
		"bottom":	1,
		"width":	512,
		"height":	288
	}
}