{
	"boundingBox":	{
		"left":	0.41015625,
		"top":	0.23958331346511841,
		"right":	0.599609375,
		"bottom":	1,
		"width":	512,
		"height":	288
	}
}