{
	"boundingBox":	{
		"left":	0.669921875,
		"top":	0.4548611044883728,
		"right":	0.716796875,
		"bottom":	0.5763888955116272,
		"width":	512,
		"height":	288
	}
}