{
	"boundingBox":	{
		"left":	0.822265625,
		"top":	0.6701388955116272,
		"right":	0.884765625,
		"bottom":	0.8298611044883728,
		"width":	512,
		"height":	288
	}
}