{
	"boundingBox":	{
		"left":	0.822265625,
		"top":	0.66319441795349121,
		"right":	0.884765625,
		"bottom":	0.83333331346511841,
		"width":	512,
		"height":	288
	}
}