{
	"boundingBox":	{
		"left":	0.814453125,
		"top":	0.4861111044883728,
		"right":	0.89453125,
		"bottom":	0.84375,
		"width":	512,
		"height":	288
	}
}