{
	"boundingBox":	{
		"left":	0.5,
		"top":	0.23958331346511841,
		"right":	0.611328125,
		"bottom":	1,
		"width":	512,
		"height":	288
	}
}