{
	"boundingBox":	{
		"left":	0.80859375,
		"top":	0.5138888955116272,
		"right":	0.900390625,
		"bottom":	0.8576388955116272,
		"width":	512,
		"height":	288
	}
}