{
	"boundingBox":	{
		"left":	0.810546875,
		"top":	0.47222220897674561,
		"right":	0.8984375,
		"bottom":	0.8576388955116272,
		"width":	512,
		"height":	288
	}
}