{
	"boundingBox":	{
		"left":	0.814453125,
		"top":	0.55902779102325439,
		"right":	0.8984375,
		"bottom":	0.84722220897674561,
		"width":	512,
		"height":	288
	}
}