{
	"boundingBox":	{
		"left":	0.8125,
		"top":	0.3993055522441864,
		"right":	0.8984375,
		"bottom":	0.85416668653488159,
		"width":	512,
		"height":	288
	}
}