{
	"boundingBox":	{
		"left":	0,
		"top":	0.2361111044883728,
		"right":	0.892578125,
		"bottom":	0.83680558204650879,
		"width":	512,
		"height":	288
	}
}