{
	"boundingBox":	{
		"left":	0.3359375,
		"top":	0.25,
		"right":	0.5859375,
		"bottom":	1,
		"width":	512,
		"height":	288
	}
}