{
	"boundingBox":	{
		"left":	0.517578125,
		"top":	0.2361111044883728,
		"right":	0.62109375,
		"bottom":	1,
		"width":	512,
		"height":	288
	}
}