{
	"boundingBox":	{
		"left":	0,
		"top":	0.21180558204650879,
		"right":	0.111328125,
		"bottom":	0.40972220897674561,
		"width":	512,
		"height":	288
	}
}