{
	"boundingBox":	{
		"left":	0,
		"top":	0.2048611044883728,
		"right":	0.125,
		"bottom":	0.3923611044883728,
		"width":	512,
		"height":	288
	}
}