{
	"boundingBox":	{
		"left":	0,
		"top":	0.2708333432674408,
		"right":	0.130859375,
		"bottom":	0.67708331346511841,
		"width":	512,
		"height":	288
	}
}