{
	"boundingBox":	{
		"left":	0,
		"top":	0.1111111044883728,
		"right":	0.158203125,
		"bottom":	0.9861111044883728,
		"width":	512,
		"height":	288
	}
}