{
	"boundingBox":	{
		"left":	0,
		"top":	0.12847220897674561,
		"right":	0.1640625,
		"bottom":	0.9861111044883728,
		"width":	512,
		"height":	288
	}
}