{
	"boundingBox":	{
		"left":	0,
		"top":	0.20833331346511841,
		"right":	0.173828125,
		"bottom":	0.9861111044883728,
		"width":	512,
		"height":	288
	}
}