{
	"boundingBox":	{
		"left":	0,
		"top":	0.211805522441864,
		"right":	0.185546875,
		"bottom":	0.9861111044883728,
		"width":	512,
		"height":	288
	}
}