{
	"boundingBox":	{
		"left":	0,
		"top":	0.27083331346511841,
		"right":	0.203125,
		"bottom":	0.99305558204650879,
		"width":	512,
		"height":	288
	}
}