{
	"boundingBox":	{
		"left":	0,
		"top":	0.2638888955116272,
		"right":	0.20703125,
		"bottom":	0.99305558204650879,
		"width":	512,
		"height":	288
	}
}