{
	"boundingBox":	{
		"left":	0.5234375,
		"top":	0.22916668653488159,
		"right":	0.63671875,
		"bottom":	1,
		"width":	512,
		"height":	288
	}
}