{
	"boundingBox":	{
		"left":	0,
		"top":	0.29166662693023682,
		"right":	0.14453125,
		"bottom":	0.99305558204650879,
		"width":	512,
		"height":	288
	}
}