{
	"boundingBox":	{
		"left":	0,
		"top":	0.27777779102325439,
		"right":	0.150390625,
		"bottom":	0.99305558204650879,
		"width":	512,
		"height":	288
	}
}