{
	"boundingBox":	{
		"left":	0.03515625,
		"top":	0.27430558204650879,
		"right":	0.177734375,
		"bottom":	0.99305558204650879,
		"width":	512,
		"height":	288
	}
}