{
	"boundingBox":	{
		"left":	0.04296875,
		"top":	0.27083337306976318,
		"right":	0.185546875,
		"bottom":	0.99305558204650879,
		"width":	512,
		"height":	288
	}
}