{
	"boundingBox":	{
		"left":	0.05078125,
		"top":	0.2673611044883728,
		"right":	0.892578125,
		"bottom":	0.99305558204650879,
		"width":	512,
		"height":	288
	}
}