{
	"boundingBox":	{
		"left":	0.0625,
		"top":	0.20833331346511841,
		"right":	0.3046875,
		"bottom":	0.98958331346511841,
		"width":	512,
		"height":	288
	}
}