{
	"boundingBox":	{
		"left":	0.068359375,
		"top":	0.21527779102325439,
		"right":	0.31640625,
		"bottom":	0.99305558204650879,
		"width":	512,
		"height":	288
	}
}