{
	"boundingBox":	{
		"left":	0.068359375,
		"top":	0.2361111044883728,
		"right":	0.3046875,
		"bottom":	0.99305558204650879,
		"width":	512,
		"height":	288
	}
}