{
	"boundingBox":	{
		"left":	0.0703125,
		"top":	0.22916668653488159,
		"right":	0.884765625,
		"bottom":	0.98958331346511841,
		"width":	512,
		"height":	288
	}
}