{
	"boundingBox":	{
		"left":	0.072265625,
		"top":	0.2326388955116272,
		"right":	0.345703125,
		"bottom":	0.99305558204650879,
		"width":	512,
		"height":	288
	}
}