{
	"boundingBox":	{
		"left":	0.076171875,
		"top":	0.2361111044883728,
		"right":	0.884765625,
		"bottom":	0.98958331346511841,
		"width":	512,
		"height":	288
	}
}