{
	"boundingBox":	{
		"left":	0.08984375,
		"top":	0.23958331346511841,
		"right":	0.8828125,
		"bottom":	0.9861111044883728,
		"width":	512,
		"height":	288
	}
}