{
	"boundingBox":	{
		"left":	0.115234375,
		"top":	0.23958331346511841,
		"right":	0.884765625,
		"bottom":	0.9861111044883728,
		"width":	512,
		"height":	288
	}
}