{
	"boundingBox":	{
		"left":	0.138671875,
		"top":	0.2361111044883728,
		"right":	0.8828125,
		"bottom":	0.97569441795349121,
		"width":	512,
		"height":	288
	}
}