{
	"boundingBox":	{
		"left":	0.154296875,
		"top":	0.2326388955116272,
		"right":	0.884765625,
		"bottom":	0.97569441795349121,
		"width":	512,
		"height":	288
	}
}