{
	"boundingBox":	{
		"left":	0.181640625,
		"top":	0.22916668653488159,
		"right":	0.88671875,
		"bottom":	0.97569441795349121,
		"width":	512,
		"height":	288
	}
}