{
	"boundingBox":	{
		"left":	0.525390625,
		"top":	0.2361111044883728,
		"right":	0.708984375,
		"bottom":	1,
		"width":	512,
		"height":	288
	}
}