{
	"boundingBox":	{
		"left":	0.193359375,
		"top":	0.22569441795349121,
		"right":	0.88671875,
		"bottom":	0.97916668653488159,
		"width":	512,
		"height":	288
	}
}