{
	"boundingBox":	{
		"left":	0.20703125,
		"top":	0.22222220897674561,
		"right":	0.88671875,
		"bottom":	0.9826388955116272,
		"width":	512,
		"height":	288
	}
}