{
	"boundingBox":	{
		"left":	0.21484375,
		"top":	0.21875,
		"right":	0.888671875,
		"bottom":	0.9861111044883728,
		"width":	512,
		"height":	288
	}
}