{
	"boundingBox":	{
		"left":	0.224609375,
		"top":	0.21875,
		"right":	0.88671875,
		"bottom":	0.98958331346511841,
		"width":	512,
		"height":	288
	}
}