{
	"boundingBox":	{
		"left":	0.232421875,
		"top":	0.22222220897674561,
		"right":	0.888671875,
		"bottom":	0.9861111044883728,
		"width":	512,
		"height":	288
	}
}