{
	"boundingBox":	{
		"left":	0.259765625,
		"top":	0.2361111044883728,
		"right":	0.888671875,
		"bottom":	0.98958331346511841,
		"width":	512,
		"height":	288
	}
}