{
	"boundingBox":	{
		"left":	0.26171875,
		"top":	0.24652779102325439,
		"right":	0.88671875,
		"bottom":	0.98958331346511841,
		"width":	512,
		"height":	288
	}
}