{
	"boundingBox":	{
		"left":	0.263671875,
		"top":	0.25347220897674561,
		"right":	0.513671875,
		"bottom":	0.98958331346511841,
		"width":	512,
		"height":	288
	}
}