{
	"boundingBox":	{
		"left":	0.28125,
		"top":	0.25347220897674561,
		"right":	0.533203125,
		"bottom":	0.99305558204650879,
		"width":	512,
		"height":	288
	}
}