{
	"boundingBox":	{
		"left":	0.52734375,
		"top":	0.23958331346511841,
		"right":	0.73828125,
		"bottom":	1,
		"width":	512,
		"height":	288
	}
}