{
	"boundingBox":	{
		"left":	0.30859375,
		"top":	0.24305558204650879,
		"right":	0.546875,
		"bottom":	0.98958331346511841,
		"width":	512,
		"height":	288
	}
}