{
	"boundingBox":	{
		"left":	0.328125,
		"top":	0.25,
		"right":	0.556640625,
		"bottom":	0.99305558204650879,
		"width":	512,
		"height":	288
	}
}