{
	"boundingBox":	{
		"left":	0.361328125,
		"top":	0.22569441795349121,
		"right":	0.578125,
		"bottom":	0.99305558204650879,
		"width":	512,
		"height":	288
	}
}