{
	"boundingBox":	{
		"left":	0.37109375,
		"top":	0.21527779102325439,
		"right":	0.587890625,
		"bottom":	0.98958331346511841,
		"width":	512,
		"height":	288
	}
}