{
	"boundingBox":	{
		"left":	0.404296875,
		"top":	0.21527779102325439,
		"right":	0.619140625,
		"bottom":	0.98958331346511841,
		"width":	512,
		"height":	288
	}
}