{
	"boundingBox":	{
		"left":	0.416015625,
		"top":	0.22222220897674561,
		"right":	0.6328125,
		"bottom":	0.98958331346511841,
		"width":	512,
		"height":	288
	}
}