{
	"boundingBox":	{
		"left":	0.423828125,
		"top":	0.225694477558136,
		"right":	0.63671875,
		"bottom":	0.98958331346511841,
		"width":	512,
		"height":	288
	}
}