{
	"boundingBox":	{
		"left":	0.431640625,
		"top":	0.225694477558136,
		"right":	0.650390625,
		"bottom":	0.98958331346511841,
		"width":	512,
		"height":	288
	}
}