{
	"boundingBox":	{
		"left":	0.431640625,
		"top":	0.2326388955116272,
		"right":	0.666015625,
		"bottom":	0.98958331346511841,
		"width":	512,
		"height":	288
	}
}