{
	"boundingBox":	{
		"left":	0.435546875,
		"top":	0.25347220897674561,
		"right":	0.671875,
		"bottom":	0.9861111044883728,
		"width":	512,
		"height":	288
	}
}