{
	"boundingBox":	{
		"left":	0.447265625,
		"top":	0.25,
		"right":	0.6796875,
		"bottom":	0.9861111044883728,
		"width":	512,
		"height":	288
	}
}