{
	"boundingBox":	{
		"left":	0.466796875,
		"top":	0.243055522441864,
		"right":	0.689453125,
		"bottom":	0.9826388955116272,
		"width":	512,
		"height":	288
	}
}