{
	"boundingBox":	{
		"left":	0.494140625,
		"top":	0.2361111044883728,
		"right":	0.69921875,
		"bottom":	0.9826388955116272,
		"width":	512,
		"height":	288
	}
}