{
	"boundingBox":	{
		"left":	0.515625,
		"top":	0.225694477558136,
		"right":	0.708984375,
		"bottom":	0.9826388955116272,
		"width":	512,
		"height":	288
	}
}