{
	"boundingBox":	{
		"left":	0.537109375,
		"top":	0.22916668653488159,
		"right":	0.728515625,
		"bottom":	0.9826388955116272,
		"width":	512,
		"height":	288
	}
}