{
	"boundingBox":	{
		"left":	0.5546875,
		"top":	0.22916668653488159,
		"right":	0.765625,
		"bottom":	0.99305558204650879,
		"width":	512,
		"height":	288
	}
}