{
	"boundingBox":	{
		"left":	0.568359375,
		"top":	0.034722208976745605,
		"right":	0.8203125,
		"bottom":	0.99652779102325439,
		"width":	512,
		"height":	288
	}
}