{
	"boundingBox":	{
		"left":	0.576171875,
		"top":	0,
		"right":	0.80859375,
		"bottom":	0.99652779102325439,
		"width":	512,
		"height":	288
	}
}