{
	"boundingBox":	{
		"left":	0.60546875,
		"top":	0,
		"right":	0.84765625,
		"bottom":	0.98958331346511841,
		"width":	512,
		"height":	288
	}
}