{
	"boundingBox":	{
		"left":	0.607421875,
		"top":	0,
		"right":	0.853515625,
		"bottom":	0.99305558204650879,
		"width":	512,
		"height":	288
	}
}