{
	"boundingBox":	{
		"left":	0.609375,
		"top":	0,
		"right":	0.857421875,
		"bottom":	0.99305558204650879,
		"width":	512,
		"height":	288
	}
}