{
	"boundingBox":	{
		"left":	0.53515625,
		"top":	0.24652779102325439,
		"right":	0.7734375,
		"bottom":	1,
		"width":	512,
		"height":	288
	}
}