{
	"boundingBox":	{
		"left":	0.63671875,
		"top":	0,
		"right":	0.90234375,
		"bottom":	1,
		"width":	512,
		"height":	288
	}
}