{
	"boundingBox":	{
		"left":	0.65625,
		"top":	0,
		"right":	0.904296875,
		"bottom":	1,
		"width":	512,
		"height":	288
	}
}