{
	"boundingBox":	{
		"left":	0.6796875,
		"top":	0,
		"right":	0.912109375,
		"bottom":	1,
		"width":	512,
		"height":	288
	}
}