{
	"boundingBox":	{
		"left":	0.69140625,
		"top":	0,
		"right":	0.92578125,
		"bottom":	1,
		"width":	512,
		"height":	288
	}
}