{
	"boundingBox":	{
		"left":	0.701171875,
		"top":	0,
		"right":	0.939453125,
		"bottom":	1,
		"width":	512,
		"height":	288
	}
}