{
	"boundingBox":	{
		"left":	0.720703125,
		"top":	0,
		"right":	0.99609375,
		"bottom":	0.99652779102325439,
		"width":	512,
		"height":	288
	}
}