{
	"boundingBox":	{
		"left":	0.72265625,
		"top":	0,
		"right":	1,
		"bottom":	0.99652779102325439,
		"width":	512,
		"height":	288
	}
}