{
	"boundingBox":	{
		"left":	0.740234375,
		"top":	0.1423611044883728,
		"right":	1,
		"bottom":	1,
		"width":	512,
		"height":	288
	}
}