{
	"boundingBox":	{
		"left":	0.8359375,
		"top":	0.2673611044883728,
		"right":	1,
		"bottom":	0.99305558204650879,
		"width":	512,
		"height":	288
	}
}