{
	"boundingBox":	{
		"left":	0.884765625,
		"top":	0.26041662693023682,
		"right":	1,
		"bottom":	0.9861111044883728,
		"width":	512,
		"height":	288
	}
}