{
	"boundingBox":	{
		"left":	0.888671875,
		"top":	0.2638888955116272,
		"right":	1,
		"bottom":	1,
		"width":	512,
		"height":	288
	}
}