{
	"boundingBox":	{
		"left":	0.896484375,
		"top":	0.27430558204650879,
		"right":	1,
		"bottom":	0.9826388955116272,
		"width":	512,
		"height":	288
	}
}