{
	"boundingBox":	{
		"left":	0.89453125,
		"top":	0.28819441795349121,
		"right":	1,
		"bottom":	0.99652779102325439,
		"width":	512,
		"height":	288
	}
}