{
	"boundingBox":	{
		"left":	0.89453125,
		"top":	0.30208331346511841,
		"right":	1,
		"bottom":	0.99305558204650879,
		"width":	512,
		"height":	288
	}
}