{
	"boundingBox":	{
		"left":	0.951171875,
		"top":	0.5798611044883728,
		"right":	1,
		"bottom":	0.99652779102325439,
		"width":	512,
		"height":	288
	}
}