{
	"boundingBox":	{
		"left":	0.951171875,
		"top":	0.49652779102325439,
		"right":	1,
		"bottom":	0.99305558204650879,
		"width":	512,
		"height":	288
	}
}