{
	"boundingBox":	{
		"left":	0.953125,
		"top":	0.77777779102325439,
		"right":	1,
		"bottom":	0.9826388955116272,
		"width":	512,
		"height":	288
	}
}