{
	"boundingBox":	{
		"left":	0.955078125,
		"top":	0.79166668653488159,
		"right":	1,
		"bottom":	0.9826388955116272,
		"width":	512,
		"height":	288
	}
}