{
	"boundingBox":	{
		"left":	0.5859375,
		"top":	0.24652779102325439,
		"right":	0.775390625,
		"bottom":	1,
		"width":	512,
		"height":	288
	}
}