{
	"boundingBox":	{
		"left":	0.81640625,
		"top":	0.6111111044883728,
		"right":	0.888671875,
		"bottom":	0.83680558204650879,
		"width":	512,
		"height":	288
	}
}