{
	"boundingBox":	{
		"left":	0.814453125,
		"top":	0.52083331346511841,
		"right":	0.888671875,
		"bottom":	0.84722220897674561,
		"width":	512,
		"height":	288
	}
}