{
	"boundingBox":	{
		"left":	0.611328125,
		"top":	0.24305558204650879,
		"right":	0.775390625,
		"bottom":	1,
		"width":	512,
		"height":	288
	}
}