{
	"boundingBox":	{
		"left":	0.8125,
		"top":	0.40277779102325439,
		"right":	0.896484375,
		"bottom":	0.85069441795349121,
		"width":	512,
		"height":	288
	}
}