{
	"boundingBox":	{
		"left":	0.8125,
		"top":	0.40972220897674561,
		"right":	0.896484375,
		"bottom":	0.85416668653488159,
		"width":	512,
		"height":	288
	}
}