{
	"boundingBox":	{
		"left":	0.8125,
		"top":	0.5138888955116272,
		"right":	0.89453125,
		"bottom":	0.84722220897674561,
		"width":	512,
		"height":	288
	}
}