{
	"boundingBox":	{
		"left":	0.818359375,
		"top":	0.6388888955116272,
		"right":	0.888671875,
		"bottom":	0.83680558204650879,
		"width":	512,
		"height":	288
	}
}