{
	"boundingBox":	{
		"left":	0.638671875,
		"top":	0.23958331346511841,
		"right":	0.779296875,
		"bottom":	1,
		"width":	512,
		"height":	288
	}
}