{
	"boundingBox":	{
		"left":	0.814453125,
		"top":	0.62847220897674561,
		"right":	0.888671875,
		"bottom":	0.83680558204650879,
		"width":	512,
		"height":	288
	}
}