{
	"boundingBox":	{
		"left":	0.8125,
		"top":	0.5451388955116272,
		"right":	0.890625,
		"bottom":	0.84375,
		"width":	512,
		"height":	288
	}
}