{
	"boundingBox":	{
		"left":	0.814453125,
		"top":	0.59722220897674561,
		"right":	0.890625,
		"bottom":	0.84375,
		"width":	512,
		"height":	288
	}
}