{
	"boundingBox":	{
		"left":	0.814453125,
		"top":	0.5798611044883728,
		"right":	0.888671875,
		"bottom":	0.84027779102325439,
		"width":	512,
		"height":	288
	}
}