{
	"boundingBox":	{
		"left":	0.81640625,
		"top":	0.60069441795349121,
		"right":	0.888671875,
		"bottom":	0.84027779102325439,
		"width":	512,
		"height":	288
	}
}