{
	"boundingBox":	{
		"left":	0.271484375,
		"top":	0.34027779102325439,
		"right":	0.333984375,
		"bottom":	0.60416668653488159,
		"width":	512,
		"height":	288
	}
}