{
	"boundingBox":	{
		"left":	0.8203125,
		"top":	0.5798611044883728,
		"right":	0.888671875,
		"bottom":	0.83680558204650879,
		"width":	512,
		"height":	288
	}
}