{
	"boundingBox":	{
		"left":	0.8203125,
		"top":	0.52083331346511841,
		"right":	0.88671875,
		"bottom":	0.83333331346511841,
		"width":	512,
		"height":	288
	}
}