{
	"boundingBox":	{
		"left":	0.822265625,
		"top":	0.7048611044883728,
		"right":	0.88671875,
		"bottom":	0.83333331346511841,
		"width":	512,
		"height":	288
	}
}