{
	"boundingBox":	{
		"left":	0.826171875,
		"top":	0.6736111044883728,
		"right":	0.8828125,
		"bottom":	0.82291668653488159,
		"width":	512,
		"height":	288
	}
}