{
	"boundingBox":	{
		"left":	0.708984375,
		"top":	0,
		"right":	0.89453125,
		"bottom":	1,
		"width":	512,
		"height":	288
	}
}