{
	"boundingBox":	{
		"left":	0.822265625,
		"top":	0.64583331346511841,
		"right":	0.888671875,
		"bottom":	0.8298611044883728,
		"width":	512,
		"height":	288
	}
}