{
	"boundingBox":	{
		"left":	0.82421875,
		"top":	0.68402779102325439,
		"right":	0.88671875,
		"bottom":	0.82291668653488159,
		"width":	512,
		"height":	288
	}
}