{
	"boundingBox":	{
		"left":	0.82421875,
		"top":	0.67708331346511841,
		"right":	0.88671875,
		"bottom":	0.8263888955116272,
		"width":	512,
		"height":	288
	}
}