{
	"boundingBox":	{
		"left":	0.826171875,
		"top":	0.70833331346511841,
		"right":	0.884765625,
		"bottom":	0.81944441795349121,
		"width":	512,
		"height":	288
	}
}