{
	"boundingBox":	{
		"left":	0.826171875,
		"top":	0.7048611044883728,
		"right":	0.884765625,
		"bottom":	0.82291668653488159,
		"width":	512,
		"height":	288
	}
}